-64
-72
58
-54
-33
33
50
-114
-30
9
71
-17
-49
48
-36
45
20
-52
-48
-56
-19
113
-79
-39
-83
-7
-4
-3
11
13
-36
73
47
106
119
-39
-96
33
-66
21
11
45
16
-63
35
75
76
-29
-14
-19
32
-31
-51
18
60
45
-48
51
-15
54
-37
50
-41
-64
-21
-4
-57
96
38
36
-68
21
-69
52
2
57
66
80
-112
38
52
-23
-79
-71
-21
39
-27
-69
-3
-22
76
88
-85
-80
-84
42
-60
79
2
-6
48
-10
20
-78
39
-88
43
-20
-37
-96
28
34
93
-17
41
-6
-72
-52
82
84
63
-29
26
-22
-66
-27
50
74
31
-25
65
-68
47
87
46
34
-30
-50
-30
39
-43
-30
80
-30
88
-14
30
49
20
7
60
60
-35
-32
19
29
40
-62
52
108
-56
61
14
80
16
48
-60
-28
-42
41
124
25
-44
117
11
58
-72
-14
-34
61
-50
49
-2
-20
-88
54
25
-51
-84
18
-54
-63
19
31
17
80
-70
8
-53
-83
-60
69
-13
-38
51
-25
-83
-59
-93
-55
69
63
106
47
-102
89
78
27
49
64
53
-23
40
42
-40
-65
82
43
62
19
-72
40
-50
-10
59
58
3
16
48
-52
78
80
-59
67
-4
-34
88
-13
49
67
-37
-54
-33
44
33
6
-37
118
34
-27
87
33
-34
-65
65
6
35
-35
84
-3
42
-17
34
-24
10
-38
-51
29
-23
80
102
-41
-38
25
2
-45
-56
18
-20
-23
15
55
-28
12
36
31
-28
-71
-12
92
34
-43
57
76
-28
54
-56
-49
-26
89
-27
-76
-31
-45
-49
37
18
-52
21
33
46
47
-49
-47
44
55
-7
60
-51
-26
36
-7
-22
-90
36
25
23
44
24
25
-26
-21
110
-34
44
27
-48
-44
-6
-50
63
-58
-29
-15
-13
-21
-20
27
-18
54
43
-31
-11
-38
22
38
37
-18
54
-27
-39
33
44
49
4
48
-17
40
86
-27
31
38
-50
49
-22
-51
-30
91
-17
66
-65
-57
-36
40
-88
1
71
22
100
-19
55
43
-64
54
-65
-19
-41
-3
-25
35
-11
-38
44
-24
-81
-3
-67
44
33
-39
-97
85
58
98
82
43
17
-91
43
-37
-14
-69
-21
-41
21
-21
50
-49
9
60
40
50
-40
-38
55
-59
-65
53
10
34
-71
36
29
34
56
-46
26
-55
6
19
4
-57
13
23
34
-76
42
-33
16
-12
-1
-54
2
33
6
-59
-63
-76
-15
-27
13
19
-56
-44
30
-41
17
-11
-44
9
-10
23
-49
54
-10
-4
-31
-29
45
-38
-57
-23
-66
21
63
89
-53
-57
54
-13
-16
-35
-60
-25
-45
-5
4
47
78
29
25
17
35
-48
-39
-67
-40
-59
32
19
-50
127
52
-11
-21
7
26
-60
-28
-29
46
33
-68
43
74
-31
48
61
-26
-2
-42
31
-99
-79
34
66
36
50
18
-17
-40
16
-10
91
-53
76
-16
-82
42
50
-28
-24
61
-24
34
-32
-105
10
-9
-61
-34
-1
-67
16
29
55
-48
-70
-86
32
-49
28
35
12
-27
-18
47
61
19
41
-35
-60
-43
-31
-69
-20
-12
-34
43
-75
-29
-76
1
57
-35
32
-18
-76
-33
24
-22
-34
28
-39
69
-50
10
-76
-53
-41
-97
-27
-41
-40
65
72
-20
30
-44
52
-77
-71
31
-41
92
65
30
25
85
118
47
29
4
-16
51
-10
-68
49
-61
78
27
40
-52
-15
55
15
-60
-72
57
52
-88
-10
42
62
47
-85
-86
67
-47
-53
-6
21
-39
-31
-20
-66
-33
33
1
55
36
20
-66
56
107
21
58
-58
97
-28
-46
-25
43
73
38
12
-36
86
-76
36
-15
-96
-25
-22
49
21
42
-40
-17
61
33
88
41
-65
31
66
48
-18
-41
112
-89
31
-45
-40
-2
49
-46
45
63
24
-30
-1
40
17
25
50
-74
15
1
-19
38
75
-48
36
14
87
36
79
-33
-50
-13
70
40
-7
7
-44
36
-31
52
65
-50
62
72
-38
-38
-77
-75
-83
-77
38
-87
20
63
-15
-75
40
-90
-55
73
38
-45
15
-58
-80
-33
30
64
77
-13
-44
-57
9
-39
69
33
-47
60
-19
-82
-37
-37
38
-18
-53
-66
50
55
37
-21
-85
-72
-42
57
15
-50
71
44
-55
19
-49
59
1
-45
64
3
61
-24
18
1
55
65
-27
64
-75
-26
27
-58
-86
73
-38
70
-1
11
60
-43
68
-12
65
20
39
-35
127
77
22
54
49
-26
-57
77
38
5
67
-1
-94
-35
-69
17
-47
29
36
50
10
9
-16
32
61
23
57
-28
-15
-15
24
19
44
-61
-2
-4
45
31
-29
-61
39
28
46
74
-22
74
-68
48
-70
53
52
79
-12
-25
29
-56
-14
-55
-86
-17
68
46
32
47
87
-5
-55
47
12
54
63
68
0
-29
-67
-53
65
51
-47
-26
3
-60
5
-75
17
24
59
-100
49
21
-12
-66
-42
-69
24
-50
-49
-57
74
-27
9
35
-13
-16
-25
53
32
62
67
71
-31
-26
-61
12
-50
-37
-16
21
29
40
25
96
-16
-58
-46
-49
56
81
-88
99
-21
-58
-46
-34
-34
-9
73
33
-46
-22
46
-11
24
-30
-35
81
5
43
44
-22
-8
121
-49
-35
-56
53
-53
40
2
19
27
41
-46
-3
14
-70
-60
-28
32
98
88
-27
58
-52
64
-11
-39
11
-24
-46
53
73
-54
-45
23
-56
69
65
1
57
-111
-66
57
-36
97
-4
56
-40
0
9
-39
-86
55
-40
27
56
23
-80
-6
33
-60
55
-84
37
1
7
-46
77
56
68
-75
78
-2
-15
-48
25
-38
19
-35
59
49
39
7
44
-57
-78
41
37
48
-15
-27
79
-63
-67
40
81
79
-46
26
1
61
-42
-75
33
-93
55
38
3
5
70
47
-40
-23
-10
13
-6
-76
-72
24
63
-72
-33
-31
-38
-27
-75
-15
-40
-22
15
44
-18
71
40
-94
-73
49
-21
-30
-60
20
45
67
31
12
-24
-14
8
-57
-2
2
-35
-74
-58
20
75
59
-36
-36
-65
-15
-33
35
38
40
18
63
81
26
57
-65
-37
15
-60
24
-66
-32
12
-24
-21
71
-43
-26
7
-41
38
92
-27
30
110
30
27
-77
65
-101
-65
-27
43
-25
-39
-24
-78
-37
-86
-21
34
61
-58
52
-13
-12
-9
-8
-19
-31
-62
-1
46
-87
14
4
69
26
10
-59
-66
-19
-29
-34
54
44
16
-28
-65
13
13
67
70
-91
39
50
26
-22
50
-47
-58
61
66
56
-49
68
18
-39
-4
37
-66
97
-50
55
20
-35
56
43
-34
-9
4
48
-13
-42
11
69
42
-52
57
-13
43
87
20
-98
22
-48
-53
-66
80
-87
29
16
30
24
56
-72
20
-40
-13
-94
7
18
-25
-14
-6
-57
43
38
26
-35
53
33
-39
31
42
62
-55
-57
-52
-27
-65
-9
44
31
-35
-40
-22
68
-79
0
57
51
-69
77
-42
-39
-35
-22
85
-50
-91
71
17
-8
26
84
-65
-73
-16
5
-24
55
39
-52
100
-53
-48
17
-65
26
90
-53
-62
30
62
-79
60
6
39
-93
58
-23
24
-34
47
75
46
71
39
25
42
-48
67
-44
-66
38
76
-54
24
70
-40
33
-63
2
-38
34
-34
-83
79
-29
-86
72
26
-34
-37
-67
-37
58
33
26
54
24
61
47
-70
66
-30
77
18
-67
-34
61
-20
-42
-49
61
12
67
-40
27
-29
29
49
-21
-17
59
-4
94
-95
-7
-68
-98
-53
33
50
51
24
20
65
-53
-81
-42
48
31
61
-36
-49
-44
55
30
-72
-47
46
-29
42
-55
-26
-46
65
-45
42
-45
-68
-68
-69
92
-48
-17
52
94
-17
-77
34
67
-35
20
41
-86
55
17
-41
-13
51
-34
-48
-47
-46
-35
54
-15
-79
-85
60
1
-4
-21
-61
77
-78
-60
49
-27
56
-37
36
27
-29
32
-31
73
-105
93
-60
-6
86
-83
48
53
-49
-29